15-01-2023-18-54-15 0.000000 2.722000 267.000000 52.820000 360.710000 165.820000 278.260000 170.820000 365.000000 68.820000 274.000000 344.820000 340 3
15-01-2023-18-54-21 946.700000 8.153000 347.000000 460.440000 292.000000 582.680000 366.000000 605.840000 365.000000 207.380000 274.000000 483.380000 270 3
15-01-2023-18-54-28 2076.600000 15.272000 362.000000 123.560000 261.000000 242.600000 382.000000 671.960000 365.000000 618.420000 274.000000 243.720000 350 3
15-01-2023-18-54-30 2646.500000 17.640000 296.000000 501.200000 261.000000 353.880000 347.000000 474.800000 365.000000 79.000000 274.000000 355.000000 390 3
15-01-2023-18-54-31 2656.800000 17.846000 296.000000 492.960000 261.000000 345.640000 347.000000 466.560000 365.000000 70.760000 274.000000 346.760000 390 3
15-01-2023-18-54-33 2760.650000 20.429000 296.000000 597.040000 261.000000 449.720000 347.000000 570.640000 314.000000 71.040000 274.000000 450.840000 330 3
15-01-2023-18-54-39 2771.850000 25.875000 312.860000 472.840000 261.000000 325.640000 357.620000 446.760000 314.000000 597.600000 274.000000 326.760000 320 2
15-01-2023-18-54-43 2840.950000 29.578000 312.860000 75.840000 261.000000 579.120000 357.620000 49.760000 324.000000 546.400000 274.000000 580.240000 320 2
15-01-2023-18-54-49 2840.950000 33.554000 351.000000 114.320000 261.000000 104.280000 330.000000 525.840000 324.000000 71.520000 274.000000 105.400000 350 2
15-01-2023-18-54-54 3566.750000 38.795000 292.000000 500.440000 331.000000 447.520000 330.000000 586.600000 324.000000 132.280000 274.000000 166.160000 270 3
15-01-2023-18-55-00 3707.400000 44.834000 292.000000 645.780000 331.000000 592.860000 330.000000 81.360000 294.000000 21.120000 386.000000 617.960000 300 3
15-01-2023-18-55-11 3707.400000 55.250000 338.000000 17.360000 327.000000 540.200000 284.000000 163.080000 271.000000 505.640000 263.000000 99.760000 360 3
15-01-2023-18-55-30 3707.400000 73.713000 259.000000 671.000000 348.000000 165.720000 298.000000 127.800000 355.000000 667.640000 305.000000 696.440000 300 3
15-01-2023-22-17-55 0.000000 0.498000 261.000000 272.080000 346.410000 254.080000 297.000000 21.080000 385.000000 78.080000 268.000000 113.080000 320 3
15-01-2023-22-17-55 0.000000 0.657000 261.000000 265.720000 341.640000 247.720000 297.000000 14.720000 385.000000 71.720000 268.000000 106.720000 320 3
15-01-2023-22-17-56 0.000000 0.781000 263.490000 260.760000 337.920000 242.760000 297.000000 9.760000 385.000000 66.760000 268.000000 101.760000 320 3
15-01-2023-22-17-56 0.000000 0.951000 268.590000 253.960000 332.820000 235.960000 297.000000 2.960000 385.000000 59.960000 268.000000 94.960000 320 3
15-01-2023-22-18-00 130.400000 4.536000 286.260000 580.760000 320.010000 562.760000 306.060000 329.760000 385.000000 386.760000 268.000000 421.760000 330 3
15-01-2023-22-18-00 137.600000 4.680000 286.260000 575.000000 320.010000 557.000000 306.060000 324.000000 385.000000 381.000000 268.000000 416.000000 330 3
15-01-2023-22-18-00 142.300000 4.774000 286.260000 571.240000 320.010000 553.240000 306.060000 320.240000 385.000000 377.240000 268.000000 412.240000 330 3
15-01-2023-22-18-01 164.250000 5.213000 286.260000 553.680000 320.010000 535.680000 306.060000 302.680000 385.000000 359.680000 268.000000 394.680000 330 3
15-01-2023-22-18-02 325.150000 6.901000 286.260000 141.200000 320.010000 123.600000 306.060000 541.160000 385.000000 598.160000 268.000000 633.160000 330 3
15-01-2023-22-18-03 330.750000 7.013000 286.260000 136.720000 320.010000 119.120000 306.060000 536.680000 385.000000 593.680000 268.000000 628.680000 330 3
15-01-2023-22-18-03 335.550000 7.109000 286.260000 132.880000 320.010000 115.280000 306.060000 532.840000 385.000000 589.840000 268.000000 624.840000 330 3
15-01-2023-22-18-03 338.350000 7.165000 286.260000 130.640000 320.010000 113.040000 306.060000 530.600000 385.000000 587.600000 268.000000 622.600000 330 3
15-01-2023-22-22-49 0.000000 0.970000 294.000000 366.200000 350.000000 47.200000 312.500000 238.200000 357.000000 210.200000 268.000000 -9.800000 320 3
15-01-2023-22-22-49 0.000000 1.106000 294.000000 360.760000 350.000000 41.760000 316.580000 232.760000 357.000000 204.760000 268.000000 -15.240000 320 3
15-01-2023-22-22-49 0.000000 1.187000 294.000000 357.520000 350.000000 38.520000 319.010000 229.520000 357.000000 201.520000 268.000000 -18.480000 320 3
15-01-2023-22-22-52 61.300000 3.625000 294.000000 55.600000 340.940000 387.000000 320.000000 578.000000 357.000000 550.000000 268.000000 330.000000 320 3
15-01-2023-22-22-52 66.500000 3.729000 294.000000 51.440000 340.940000 382.840000 320.000000 573.840000 357.000000 545.840000 268.000000 325.840000 320 3
15-01-2023-22-22-52 71.250000 3.824000 294.000000 47.640000 340.940000 379.040000 320.000000 570.040000 357.000000 542.040000 268.000000 322.040000 320 3
15-01-2023-22-22-52 76.900000 3.937000 294.000000 43.120000 340.940000 374.520000 320.000000 565.520000 357.000000 537.520000 268.000000 317.520000 320 3
15-01-2023-22-22-52 83.700000 4.073000 294.000000 37.680000 340.940000 369.080000 320.000000 560.080000 357.000000 532.080000 268.000000 312.080000 320 3
15-01-2023-22-22-53 170.800000 5.208000 294.000000 113.680000 340.940000 445.080000 320.000000 636.080000 357.000000 608.080000 268.000000 388.080000 350 3
15-01-2023-22-22-54 189.200000 5.576000 294.000000 98.960000 340.940000 430.360000 320.000000 621.360000 357.000000 593.360000 268.000000 373.360000 350 3
15-01-2023-22-22-54 194.100000 5.674000 294.000000 95.040000 340.940000 426.440000 320.000000 617.440000 357.000000 589.440000 268.000000 369.440000 350 3
15-01-2023-22-22-55 273.250000 6.713000 294.000000 162.280000 340.940000 493.680000 320.000000 684.680000 357.000000 656.680000 268.000000 436.680000 360 3
15-01-2023-22-22-57 369.150000 7.920000 308.400000 256.200000 340.940000 587.600000 320.000000 128.120000 357.000000 99.800000 268.000000 530.600000 380 3
15-01-2023-22-22-58 417.450000 8.542000 316.320000 300.120000 340.940000 631.520000 320.000000 172.040000 357.000000 143.720000 268.000000 574.520000 380 3
15-01-2023-22-22-58 462.500000 9.236000 316.320000 313.760000 340.940000 645.160000 320.000000 185.680000 357.000000 157.360000 268.000000 588.160000 390 3
15-01-2023-22-31-11 0.000000 0.964000 252.000000 358.440000 320.040000 213.440000 281.000000 -8.560000 369.000000 -32.560000 250.000000 97.440000 320 3
15-01-2023-22-33-48 110.850000 13.036000 267.000000 -80.440000 361.000000 511.360000 312.000000 158.560000 352.000000 520.760000 287.000000 488.440000 460 0
15-01-2023-22-36-03 0.000000 0.463000 255.000000 374.480000 361.000000 437.480000 252.000000 25.480000 373.000000 358.480000 298.000000 213.480000 320 3
15-01-2023-22-36-07 0.000000 1.828000 255.000000 319.880000 361.000000 382.880000 252.000000 -29.120000 373.000000 303.880000 298.000000 158.880000 460 0
15-01-2023-22-36-22 0.000000 1.274000 264.000000 390.040000 355.530000 183.040000 271.000000 37.040000 384.000000 347.040000 251.000000 208.040000 460 0
15-01-2023-22-36-27 0.000000 0.444000 289.000000 281.240000 346.000000 389.240000 290.000000 13.240000 389.000000 53.240000 265.000000 364.240000 320 3
15-01-2023-22-39-26 0.100000 38.276000 368.910000 17.320000 390.030000 162.200000 382.070000 225.240000 387.000000 -59.800000 278.000000 129.240000 410 2
15-01-2023-22-40-43 1210.750000 73.675000 283.060000 488.120000 360.180000 321.360000 360.710000 384.280000 324.000000 457.400000 278.000000 287.920000 320 0
15-01-2023-22-42-32 145.750000 10.789000 304.970000 52.240000 338.530000 551.000000 308.630000 193.680000 382.000000 631.000000 264.000000 479.840000 320 0
15-01-2023-22-44-21 0.000000 0.484000 278.520000 224.640000 354.480000 218.640000 274.000000 32.640000 357.000000 333.640000 299.000000 121.640000 320 3
15-01-2023-22-46-09 0.000000 0.340000 274.000000 352.400000 362.000000 285.400000 285.200000 224.400000 388.000000 54.400000 290.000000 26.400000 320 3
15-01-2023-22-47-30 0.000000 0.523000 270.000000 160.080000 368.000000 43.080000 293.000000 15.080000 350.000000 310.080000 257.000000 61.080000 320 3
15-01-2023-22-48-42 0.000000 0.461000 297.830000 228.560000 343.000000 292.560000 287.000000 308.560000 358.000000 136.560000 289.000000 2.560000 320 3
15-01-2023-22-49-18 0.000000 0.409000 285.270000 230.640000 369.000000 376.640000 264.000000 312.640000 380.000000 430.640000 264.000000 370.640000 320 3
15-01-2023-22-50-05 87.050000 4.809000 288.000000 375.440000 345.570000 181.440000 319.960000 308.440000 381.000000 475.440000 293.000000 82.440000 180 0
